2.200000000000000000e+01
1.300000000000000000e+01
2.400000000000000000e+01
2.100000000000000000e+01
1.600000000000000000e+01
6.000000000000000000e+00
5.000000000000000000e+00
1.400000000000000000e+01
2.000000000000000000e+00
1.600000000000000000e+01
2.000000000000000000e+00
1.600000000000000000e+01
4.000000000000000000e+00
1.600000000000000000e+01
1.200000000000000000e+01
2.300000000000000000e+01
7.000000000000000000e+00
4.000000000000000000e+00
1.700000000000000000e+01
2.300000000000000000e+01
1.300000000000000000e+01
1.400000000000000000e+01
1.300000000000000000e+01
3.000000000000000000e+00
1.400000000000000000e+01
